camera_matrix:
- - 1512.4730145263536
  - 0.0
  - 972.3241328347124
- - 0.0
  - 1506.2340567258693
  - 536.0871388865154
- - 0.0
  - 0.0
  - 1.0
dist_coeff:
- - 0.14880246025751567
  - -0.5269856274893316
  - -0.003727479243355348
  - 0.0031271166144603425
  - 0.514712446709582
